662912   21.50
461029   107.46
799041   10.89
184413   28.50
752418   71.70
349161   59.19
606509   103.27
493057   52.46
409499   14.67
497993   75.57
120507   92.25
881731   38.36
142160   51.12
517370   31.29
593596   33.83
782023   71.68
956872   96.08
934789   70.84
827649   54.88
313478   48.28
807838   61.48
931079   88.49
883206   58.91
610976   74.00
992117   36.63
899991   17.84
122893   53.69
856551   92.28
508449   88.85
400324   20.81
505903   68.96
177417   0.95
731813   89.14
949309   15.08
890570   57.79
630006   56.36
187119   26.38
452163   103.07
873595   6.93
434173   24.74
488600   10.49
387328   98.34
425445   54.19
689925   80.42
763831   6.30
144611   24.21
675474   96.25
303977   71.77
731868   32.03
163762   30.07
536444   74.74
838477   10.99
884855   104.56
