====================================================================================================================================
                                                       EMPRESA DE SALUD S. A.
                                                  REGISTRO DE INGRESOS POR MEDICO
====================================================================================================================================
No.  Codigo del    Tarifa   Ingresos por    Ingresos por       Total       Pacientes atendidos   Pacientes atendidos      Total de   
       Medico                las citas      medicamentos     ingresado        con medicinas         sin medicinas         pacientes  
------------------------------------------------------------------------------------------------------------------------------------
001    19777       977.98      8249.44         6524.82       14774.26             3                      4                     7
002    15092       756.45      9824.78        14292.69       24117.47             8                      2                    10
003    80063       256.05      2116.20        17801.95       19918.15            10                      3                    13
004    52063       792.07      3171.33         2513.22        5684.55             1                      3                     4
005    50718       264.21      1581.60         8363.55        9945.15             7                      2                     9
006    70233       902.38      9527.82        17745.76       27273.58            11                      0                    11
007    89213       389.91      3928.65        10525.97       14454.62             7                      3                    10
008    30082       184.46       889.47        14159.23       15048.70             5                      0                     5
009    20189       854.93      2415.52         2350.69        4766.22             4                      0                     4
010    30557       169.44       826.89         8216.70        9043.59             7                      3                    10
011    60049       780.49      6666.11        13628.48       20294.59             8                      0                     8
012    91509       146.35       868.45         9829.73       10698.17             7                      2                     9
013    53556       410.37      2172.95        11290.15       13463.10             7                      2                     9
014    70612       842.24      3789.35        11640.23       15429.58             4                      1                     5
015    90562       869.33      2420.45         1291.24        3711.69             3                      2                     5
016    40414        55.48       434.75         6395.33        6830.08             7                      1                     8
017    70367       781.15      4658.84        17264.40       21923.24             9                      1                    10
018    25448       496.87      2801.92        10222.89       13024.81             7                      0                     7
019    80040         4.56        54.17        14578.76       14632.92             8                      3                    11
020    34115       893.34      4178.88         2442.15        6621.03             4                      1                     5
021    70992       525.59      5278.54        14780.58       20059.13             9                      2                    11
022    80227       170.85         0.00            0.00           0.00             0                      0                     0
023    33687       654.46      8438.32        13936.72       22375.04             9                      1                    10
024    14655       940.91      9103.82         8920.15       18023.97             6                      1                     7
025    18262       981.29      6353.71         5437.77       11791.47             5                      0                     5
------------------------------------------------------------------------------------------------------------------------------------
Totales:                       99751.97         244153.15      343905.12            156             37                 193
====================================================================================================================================
