======================================================================================================================-
                                      EMPRESA DE SALUD S. A.
                                  REGISTRO DE INGRESOS POR MEDICO
=======================================================================================================================
Codigo del medico  Tarifa   Ingreso citas    Ingreso medicamentos   Total    Con medicinas  Sin medicinas  Total pac 
-----------------------------------------------------------------------------------------------------------------------
000  50611  337.03  1478.79  7345.34  8824.13  26  1  27
001  15092  756.45  6942.7  14292.7  21235.4  36  2  38
002  60184  738.9  665.601  1871.77  2537.37  7  2  9
003  90798  758.51  1415.15  3783.6  5198.75  7  1  8
004  80786  997.38  2209.5  5729.01  7938.51  15  1  16
005  70233  902.38  6568.33  17745.8  24314.1  54  0  54
006  89213  389.91  2814.57  10526  13340.5  34  3  37
007  90907  470.72  448.879  7828.19  8277.07  22  0  22
008  60934  526.45  190.575  8571.76  8762.33  19  1  20
009  14787  298.45  1984.69  8478.7  10463.4  19  4  23
010  60049  780.49  4630.1  13628.5  18258.6  39  0  39
011  70269  523.53  1068.26  2585.46  3653.72  7  0  7
012  53556  410.37  1128.93  11290.1  12419.1  34  2  36
013  70612  842.24  1936.98  11640.2  13577.2  21  1  22
014  64405  232.61  1498.08  8472.87  9970.94  22  2  24
015  90929  405.69  2930.95  5000.99  7931.93  14  3  17
016  70367  781.15  2767.93  17264.4  20032.3  43  1  44
017  18708  176.6  319.505  3066.81  3386.32  14  0  14
018  80138  319.8  683.349  9744.49  10427.8  21  0  21
019  35451  897.5  1482.85  8907.72  10390.6  22  0  22
020  70992  525.59  3322.25  14780.6  18102.8  36  2  38
021  49768  197.06  241.852  3887.31  4129.16  15  1  16
022  33687  654.46  6028.89  13936.7  19965.6  43  1  44
023  70789  19.29  135.238  11465  11600.3  30  2  32
024  18262  981.29  3919.17  5437.77  9356.94  15  0  15
025  14655  940.91  7203.04  8920.15  16123.2  20  1  21
026  80227  170.85  0  0  0  0  0  0
027  34115  893.34  3180.29  2442.15  5622.44  12  1  13
028  80040  4.56  36.1467  14578.8  14614.9  36  3  39
029  25448  496.87  2052.62  10222.9  12275.5  27  0  27
030  40414  55.48  333.984  6395.33  6729.31  19  1  20
031  90562  869.33  896.714  1291.24  2187.95  7  2  9
032  91509  146.35  637.032  9829.73  10466.8  34  2  36
033  30557  169.44  520.198  8216.7  8736.9  27  3  30
034  20189  854.93  1063.53  2350.69  3414.23  12  0  12
035  30082  184.46  491.365  14159.2  14650.6  29  0  29
036  50718  264.21  816.382  8363.55  9179.93  25  2  27
037  52063  792.07  1331.87  2513.22  3845.09  6  3  9
038  80063  256.05  1224.3  17801.9  19026.3  47  3  50
039  19777  977.98  5669.35  6524.82  12194.2  14  4  18
0406422320  1.10344e-312  337.03  1478.79  1815.82  50611  26  50637
-----------------------------------------------------------------------------------------------------------------------
Totales:                  82607   342371   424978
=======================================================================================================================


=======================================================================================================================
