=============================================================================================================================
                                                   EMPRESA DE SALUD S. A.
                                               REGISTRO DE INGRESOS POR MEDICO
=============================================================================================================================
No.  Cod. Medico   Tarifa  IngresPorCitas IngresPorMedicam  IngresoTotal PacienConMedicina PacienSinMedicina   TotalPacientes
-----------------------------------------------------------------------------------------------------------------------------
000    50611       337.03       1926.41        7345.34        9271.75             6               1                   7
001    15092       756.45       9824.78       14292.69       24117.47             8               2                  10
002    60184       738.90       1112.93        1871.77        2984.69             1               2                   3
003    90798       758.51       2181.59        3783.60        5965.19             2               1                   3
004    80786       997.38       4058.34        5729.01        9787.36             6               1                   7
005    70233       902.38       9527.82       17745.76       27273.58            11               0                  11
006    89213       389.91       3928.65       10525.97       14454.62             7               3                  10
007    90907       470.72        845.35        7828.19        8673.54             7               0                   7
008    60934       526.45       1141.37        8571.76        9713.13             4               1                   5
009    14787       298.45       2724.80        8478.70       11203.50             6               4                  10
010    60049       780.49       6666.11       13628.48       20294.59             8               0                   8
011    70269       523.53       1454.14        2585.46        4039.61             3               0                   3
012    53556       410.37       2172.95       11290.15       13463.10             7               2                   9
013    70612       842.24       3789.35       11640.23       15429.58             4               1                   5
014    64405       232.61       2024.46        8472.87       10497.33             7               2                   9
015    90929       405.69       4146.56        5000.99        9147.54             5               3                   8
016    70367       781.15       4658.84       17264.40       21923.24             9               1                  10
017    18708       176.60        431.23        3066.81        3498.04             3               0                   3
018    80138       319.80       1450.66        9744.49       11195.14             6               0                   6
019    35451       897.50       2561.38        8907.72       11469.10             5               0                   5
020    70992       525.59       5278.54       14780.58       20059.13             9               2                  11
021    49768       197.06        562.34        3887.31        4449.65             3               1                   4
022    33687       654.46       8438.32       13936.72       22375.04             9               1                  10
023    70789        19.29        170.48       11465.01       11635.49             6               2                   8
024    18262       981.29       6353.71        5437.77       11791.47             5               0                   5
025    14655       940.91       9103.82        8920.15       18023.97             6               1                   7
026    80227       170.85          0.00           0.00           0.00             0               0                   0
027    34115       893.34       4178.88        2442.15        6621.03             4               1                   5
028    80040         4.56         54.17       14578.76       14632.92             8               3                  11
029    25448       496.87       2801.92       10222.89       13024.81             7               0                   7
030    40414        55.48        434.75        6395.33        6830.08             7               1                   8
031    90562       869.33       2420.45        1291.24        3711.69             3               2                   5
032    91509       146.35        868.45        9829.73       10698.17             7               2                   9
033    30557       169.44        826.89        8216.70        9043.59             7               3                  10
034    20189       854.93       2415.52        2350.69        4766.22             4               0                   4
035    30082       184.46        889.47       14159.23       15048.70             5               0                   5
036    50718       264.21       1581.60        8363.55        9945.15             7               2                   9
037    52063       792.07       3171.33        2513.22        5684.55             1               3                   4
038    80063       256.05       2116.20       17801.95       19918.15            10               3                  13
039    19777       977.98       8249.44        6524.82       14774.26             3               4                   7
-----------------------------------------------------------------------------------------------------------------------------
Totales:                      126544.00      340892.17      467436.18           226              55                 281
=============================================================================================================================
                                                   EMPRESA DE SALUD S. A.
                                              REGISTRO DE INGRESOS POR MEDICINA
=============================================================================================================================
No.  Cod.Medicin   Precio  CantUnidVendid  IngresoSinDescuento DescuentoPorSeg   TotalIngreso
-----------------------------------------------------------------------------------------------------------------------------
000    60509        58.65            52            3049.80          630.59           2419.21
001    73972        54.40            79            4297.60          388.00           3909.60
002    94429        52.70            20            1054.00          285.39            768.61
003    43709        78.20            40            3128.00          556.29           2571.71
004    82469        60.35            52            3138.20          513.77           2624.43
005    93578        55.25            33            1823.25          543.56           1279.69
006    26484        29.75            26             773.50           73.49            700.01
007    95196        62.05            23            1427.15          373.94           1053.21
008    65667        61.20            97            5936.40         1146.85           4789.55
009    94415        68.85            37            2547.45          521.62           2025.83
010    11370         2.55            26              66.30            5.94             60.36
011    49644        73.95            65            4806.75          635.45           4171.30
012    76238        56.95            20            1139.00           27.72           1111.28
013    76596         9.35            61             570.35           86.82            483.53
014    48244        25.50            46            1173.00          363.29            809.71
015    34070        73.10            91            6652.10         1153.21           5498.89
016    70226        39.95            43            1717.85          239.69           1478.16
017    30220        39.95            59            2357.05          256.15           2100.90
018    88681        53.55            82            4391.10         1307.08           3084.02
019    40645         4.25            47             199.75           21.35            178.40
020    77358        61.20            41            2509.20          642.75           1866.45
021    41995        25.50            50            1275.00          514.09            760.91
022    90198        44.20            19             839.80          147.84            691.96
023    77466         5.95            47             279.65           37.76            241.89
024    61508         4.25            87             369.75          104.55            265.20
025    22842        47.60            51            2427.60          561.16           1866.44
026    53166         5.95            53             315.35           59.96            255.39
027    54692        28.90            27             780.30          113.40            666.90
028    85865         8.50            37             314.50           97.57            216.93
029    16055        45.90            47            2157.30          407.14           1750.16
030    22553        39.10            55            2150.50          343.68           1806.82
031    31311        65.45            30            1963.50          326.35           1637.15
032    43633        39.10            32            1251.20          341.21            909.99
033    31389        52.70            87            4584.90          698.79           3886.11
034    79996        31.45            32            1006.40          324.75            681.65
035    48039        11.90            56             666.40          103.82            562.58
036    16299        49.30            86            4239.80          767.60           3472.20
037    26506        28.05            41            1150.05          310.87            839.18
038    89325        79.05            67            5296.35         1219.12           4077.23
039    55701        46.75            36            1683.00          470.08           1212.92
040    16681        22.10           103            2276.30          378.23           1898.07
041    27016        51.00            77            3927.00          517.39           3409.61
042    85325        56.10            92            5161.20          932.69           4228.51
043    30428        19.55            33             645.15          193.28            451.87
044    15098        81.60            36            2937.60          365.02           2572.58
045    42861        23.80            46            1094.80          241.46            853.34
046    13364        13.60            54             734.40          163.53            570.87
047    86451        21.25            11             233.75           47.06            186.69
048    32486        24.65            71            1750.15          523.18           1226.97
049    77203        80.75             0               0.00            0.00              0.00
050    30007         0.85            25              21.25            3.79             17.46
051    65536         1.70            17              28.90            1.47             27.43
052    84771        39.10            25             977.50          155.56            821.94
053    81695        15.30            42             642.60          197.34            445.26
054    49756        52.70            36            1897.20          461.75           1435.45
055    58200        56.10            15             841.50          216.17            625.33
056    89839        73.95             0               0.00            0.00              0.00
057    53084         0.85            97              82.45           12.94             69.51
058    61039        78.20            14            1094.80          300.14            794.66
059    36822         9.35             0               0.00            0.00              0.00
060    24522        43.35            73            3164.55          752.38           2412.17
061    37007        47.60            70            3332.00          861.37           2470.63
062    17845         5.10            38             193.80           38.81            154.99
063    19397        37.40            21             785.40          132.91            652.49
064    45814        35.70            94            3355.80          640.67           2715.13
065    49157        66.30            23            1524.90          493.39           1031.51
066    72939        76.50            40            3060.00          857.88           2202.12
067    26920        45.05            51            2297.55          477.89           1819.66
068    31883        67.15            61            4096.15          570.18           3525.97
069    64347        65.45            48            3141.60          983.83           2157.77
070    30430        22.10            55            1215.50          170.40           1045.10
071    38648        69.70            66            4600.20          467.27           4132.93
072    59121        81.60            87            7099.20         1549.60           5549.60
073    41379         1.70            57              96.90           17.32             79.58
074    42053        10.20            57             581.40           50.12            531.28
075    16359        75.65            85            6430.25         1061.44           5368.81
076    17645        22.95            21             481.95          113.83            368.12
077    33276        11.05            18             198.90           25.23            173.67
078    98679        41.65            47            1957.55          512.71           1444.84
079    86828        32.30            41            1324.30          315.97           1008.33
080    95540        28.05            17             476.85           47.08            429.77
081    94459        53.55            73            3909.15          202.55           3706.60
082    60888         7.65            33             252.45           34.70            217.75
083    26754        68.00            29            1972.00          541.62           1430.38
084    79189        73.10            30            2193.00           43.76           2149.24
085    81333        40.80            31            1264.80          141.87           1122.93
086    33311        20.40            81            1652.40          257.26           1395.14
087    62302        41.65            45            1874.25          258.52           1615.73
088    72495        43.35            25            1083.75          299.20            784.55
089    16813         5.95            86             511.70          146.29            365.41
090    36711        84.15            54            4544.10          902.14           3641.96
091    55021        82.45            76            6266.20         1446.75           4819.45
092    34080        60.35            22            1327.70           82.65           1245.05
093    36622        57.80            46            2658.80          527.05           2131.75
094    72969        58.65            52            3049.80          558.70           2491.10
095    40997        41.65            52            2165.80          346.53           1819.27
096    67415        52.70            48            2529.60          238.85           2290.75
097    70024        68.85            60            4131.00          966.60           3164.40
098    22232        69.70            46            3206.20          312.83           2893.37
099    33390        28.90            16             462.40          118.55            343.85
100    58252        34.85            11             383.35           59.42            323.93
101    86476        11.05            49             541.45          122.51            418.94
102    96881         7.65            40             306.00           82.05            223.95
103    79851        84.15            22            1851.30          124.37           1726.93
104    30796        54.40            33            1795.20          174.59           1620.61
105    73174        41.65            46            1915.90          167.82           1748.08
106    76360        32.30            20             646.00          137.99            508.01
107    52072        63.75            72            4590.00         1086.35           3503.65
108    68539         5.10            45             229.50           58.22            171.28
109    14075         9.35            48             448.80          103.75            345.05
110    53200        68.85            65            4475.25          870.62           3604.63
111    92628        45.90            40            1836.00          605.52           1230.48
112    47734        39.10            25             977.50          368.34            609.16
113    46919         5.95            24             142.80           50.26             92.54
114    57505        43.35            69            2991.15          459.33           2531.82
115    34027        79.05            38            3003.90          738.75           2265.15
116    96031        45.90            15             688.50          207.31            481.19
117    42856        10.20            37             377.40           12.99            364.41
118    48557        59.50            40            2380.00          257.96           2122.04
119    65985        79.90           100            7990.00         1720.76           6269.24
120    41403        43.35            44            1907.40          544.60           1362.80
121    24733        59.50            36            2142.00          637.91           1504.09
122    31189        40.80            54            2203.20          630.31           1572.89
123    28219        82.45            42            3462.90          860.53           2602.37
124    28409         4.25            31             131.75           26.29            105.46
125    80830        78.20            71            5552.20         1224.14           4328.06
126    84766        79.90            31            2476.90           93.64           2383.26
127    97465         4.25            19              80.75           16.46             64.29
128    30690        41.65            80            3332.00          523.53           2808.47
129    25684        84.15             1              84.15           18.30             65.85
130    84555         4.25            63             267.75           52.44            215.31
131    72061        51.00             6             306.00            0.00            306.00
132    55439        72.25            64            4624.00         1157.40           3466.60
133    92517        11.90            41             487.90           82.95            404.95
134    37549        44.20            23            1016.60          275.52            741.08
135    43222        11.05            81             895.05          217.89            677.16
136    92560        28.90            42            1213.80          187.31           1026.49
137    81821        61.20            54            3304.80          284.12           3020.68
138    51148        56.10            26            1458.60          114.25           1344.35
139    39088        11.90            41             487.90            6.18            481.72
140    74680        56.10            44            2468.40          230.05           2238.35
141    85641        28.90            18             520.20           98.45            421.75
142    27447        59.50            29            1725.50          358.94           1366.56
143    61295        84.15            85            7152.75          953.49           6199.26
144    44253        36.55            40            1462.00          424.40           1037.60
145    57036        38.25            52            1989.00          231.56           1757.44
146    22306        76.50            44            3366.00          868.54           2497.46
147    53846        47.60            60            2856.00          518.19           2337.81
148    63555        43.35            78            3381.30          928.80           2452.50
149    70303        72.25           102            7369.50          946.37           6423.13
150    36649        79.05            42            3320.10          494.48           2825.62
151    96554         4.25            42             178.50           34.74            143.76
152    86681         8.50            57             484.50          104.76            379.74
153    44215        33.15            36            1193.40          168.66           1024.74
154    62008        17.85            38             678.30          229.95            448.35
155    68610        51.85            19             985.15          249.40            735.75
156    55813        22.95            21             481.95           47.72            434.23
157    50450        74.80             0               0.00            0.00              0.00
158    67784        73.95            49            3623.55          400.14           3223.41
159    82528        19.55            26             508.30          135.02            373.28
160    28892        26.35            72            1897.20          330.71           1566.49
161    86158        47.60            52            2475.20          164.57           2310.63
162    77534        38.25            55            2103.75          171.05           1932.70
163    81960        81.60            52            4243.20          529.37           3713.83
164    60086        23.80            24             571.20            7.64            563.56
165    70225        47.60            63            2998.80          550.01           2448.79
166    83801        37.40            26             972.40          133.72            838.68
167    83510        22.95            44            1009.80          261.64            748.16
168    11592        68.00            50            3400.00          364.03           3035.97
169    47697        14.45            58             838.10          138.78            699.32
170    59395        16.15            54             872.10          166.32            705.78
171    60685        79.90            56            4474.40          824.82           3649.58
172    58259        85.00            34            2890.00          987.15           1902.85
173    17790        17.00             0               0.00            0.00              0.00
174    34066        51.85            68            3525.80         1011.27           2514.53
175    70113        30.60            43            1315.80          257.30           1058.50
176    14962        46.75            26            1215.50          165.50           1050.00
177    91282         6.80            58             394.40           73.62            320.78
178    76247        59.50            90            5355.00         1157.08           4197.92
179    12388        76.50            66            5049.00         1298.53           3750.47
180    80839        51.00            20            1020.00          130.36            889.64
181    70807        22.95            18             413.10          141.84            271.26
182    70950        45.05            55            2477.75          655.09           1822.66
183    88994        39.10            75            2932.50          589.96           2342.54
184    90300        40.80            57            2325.60          363.45           1962.15
185    26360         8.50            44             374.00           75.75            298.25
186    46000        50.15            22            1103.30          100.05           1003.25
187    61211        78.20            37            2893.40          751.90           2141.50
188    89528        13.60            18             244.80           13.19            231.61
189    58036        33.15            64            2121.60          412.10           1709.50
190    39779        85.00            67            5695.00         1401.83           4293.17
191    91653        40.80            19             775.20           22.33            752.87
192    49685        45.05            37            1666.85          407.74           1259.11
193    36208        63.75             0               0.00            0.00              0.00
194    30228        12.75            26             331.50           73.31            258.19
195    33200        76.50            48            3672.00          463.48           3208.52
196    18672        15.30            47             719.10          172.65            546.45
197    17804        10.20            45             459.00           48.15            410.85
198    68346        10.20           138            1407.60          380.93           1026.67
199    75565        46.75             7             327.25           86.79            240.46
200    57269        34.00            79            2686.00          763.70           1922.30
201    28992        64.60            56            3617.60          672.39           2945.21
202    70116        23.80            52            1237.60          346.24            891.36
203    68730         0.85            41              34.85            2.97             31.88
204    88266        73.95            63            4658.85         1206.62           3452.23
205    98261        70.55            18            1269.90           60.21           1209.69
206    40862        76.50            37            2830.50          825.06           2005.44
207    68860        59.50            52            3094.00          208.58           2885.42
208    39172        41.65            91            3790.15          826.05           2964.10
209    74924        37.40             9             336.60           57.41            279.19
210    81062         9.35            44             411.40           72.09            339.31
-----------------------------------------------------------------------------------------------------------------------------
Totales:                           9697          421604.25        80712.08         340892.17
