10001   10/03/2020   85054426     956872   4   488600   6   606509   11   782023   15   931079   11
10002   10/03/2020   81092545      689925   4   387328   1   934789   12   517370   5   313478   14   184413   9   606509   15
10003   10/03/2020   82140321      606509   4   163762   14   807838   10   517370   2   187119   12   488600   5   493057   3
10004   10/03/2020   14475098      838477   3   497993   14   488600   12   142160   4   187119   13   497993   2
10005   13/03/2020   83516690      144611   1   508449   14   934789   10   400324   7   689925   1   349161   9   799041   14
10006   14/03/2020   91425066     163762   10   488600   2   142160   13   934789   11   163762   5   881731   9
10007   14/03/2020   82140321      122893   5   873595   9   505903   6   505903   7   434173   14   799041   7   949309   15
10008   16/03/2020   83516690      610976   7   493057   3   856551   2   400324   4
10009   17/03/2020   14475098      142160   12   884855   4   122893   8   752418   11   593596   7
10010   17/03/2020   17000095      313478   2
10011   17/03/2020   79402297      752418   6   488600   3   884855   5   187119   11   689925   4   731868   2
10012   19/03/2020   85054426      838477   2
10013   22/03/2020   85054426      675474   14   452163   4   873595   7   890570   9   184413   11   163762   5   144611   10
10014   25/03/2020   79402297      630006   3
10015   27/03/2020   67255116      488600   8   884855   12   675474   15   752418   8   890570   3   838477   14   144611   12
10016   30/03/2020   88626282      409499   8
10017   31/03/2020   81092545      536444   6   497993   15   807838   7   731813   6   689925   6   949309   10   177417   7
10018   3/04/2020   81092545      517370   12   142160   1   838477   15   884855   12   610976   9
10019   3/04/2020   82140321      956872   15   827649   2   452163   8   992117   8   884855   6   799041   7   163762   9
10020   4/04/2020   81092545      934789   10   782023   8   606509   10
10021   5/04/2020   82140321      883206   6   856551   9   461029   12   873595   2   856551   5   838477   11   122893   9
10022   8/04/2020   34141891      142160   2   992117   15   838477   14   689925   13   949309   10   782023   6   387328   8
10023   11/04/2020   88626282      425445   10   838477   6   120507   8   881731   5   425445   4   434173   6   177417   9
10024   11/04/2020   83516690      630006   10   313478   6   163762   4   387328   2   899991   14   752418   10   142160   6
10025   11/04/2020   82140321      425445   9
10026   11/04/2020   85054426     508449   14   142160   12   400324   12   144611   11   752418   6
10027   13/04/2020   34141891      349161   6   890570   13   163762   2   425445   11   956872   12   122893   3   497993   8
10028   16/04/2020   79402297      313478   9   799041   7   505903   10   934789   5   120507   7   799041   9   799041   3
10029   16/04/2020   81092545      187119   14
10030   17/04/2020   85054426      163762   4   883206   6   517370   2   949309   11   856551   7   497993   5   630006   8
10031   18/04/2020   82140321    731813   3   425445   7   890570   13   122893   10   313478   3   731868   8
10032   20/04/2020   83516690      434173   1   122893   3   752418   9   409499   12   536444   4   349161   1   881731   14
10033   20/04/2020   67255116    536444   12   505903   1   630006   15   799041   15   493057   13   349161   14
10034   20/04/2020   81092545      303977   13   827649   11   884855   7   120507   2   884855   3
10035   23/04/2020   21000270      177417   11   689925   1   881731   11   120507   6   763831   2   630006   9   184413   15
10036   23/04/2020   21000270      675474   13   536444   6   992117   6   184413   10   508449   6   610976   2   827649   7
10037   24/04/2020   91425066      873595   14   163762   12   177417   11
10038   24/04/2020   79402297      493057   11   184413   4   120507   7   931079   15   517370   13   956872   13   956872   10
10039   24/04/2020   88626282      387328   9   890570   9   856551   1   610976   13   303977   4   163762   7   884855   10
10040   25/04/2020   83516690      593596   2   949309   5   731813   7   838477   6   807838   5   949309   10   881731   11
10041   28/04/2020   88626282     934789   1   873595   13   142160   13   177417   4   425445   7   731868   15   856551   11
10042   28/04/2020   34141891      807838   6   731868   13   387328   8   949309   8
10043   29/04/2020   67255116      931079   7   956872   4   992117   4
10044   29/04/2020   17000095      931079   3
